0.106407 
0.155332 
0.177291 
0.186829 
0.190809 
0.192275 
0.192768 
0.19324 
0.194181 
0.194522 
0.194378 
0.194174 
0.194124 
0.194455 
0.194501 
0.194354 
0.194234 
0.194344 
0.194426 
0.194325 
0.194234 
0.19421 
0.19436 
0.194399 
0.194289 
0.194206 
0.194319 
0.194374 
0.194269 
0.194185 
0.194275 
0.194338 
0.19424 
0.194166 
0.194248 
0.194309 
0.194209 
0.194135 
0.194236 
0.194285 
0.194178 
0.194093 
0.194199 
0.194248 
0.194141 
0.194054 
0.194159 
0.194208 
0.194099 
0.194014 
0.194116 
0.194164 
0.194054 
0.19397 
0.19407 
0.194116 
0.194006 
0.193922 
0.19402 
0.194065 
0.193953 
0.193871 
0.193966 
0.19401 
0.193897 
0.193814 
0.193908 
0.193951 
0.193837 
0.193753 
0.193847 
0.193888 
0.193774 
0.193689 
0.193781 
0.193822 
0.193707 
0.193621 
0.193717 
0.193754 
0.193637 
0.19355 
0.193659 
0.193688 
0.193565 
0.193475 
0.193584 
0.193622 
0.193497 
0.1934 
0.193504 
0.193542 
0.193481 
0.19335 
0.193405 
0.193437 
0.19341 
0.193279 
0.193302 
0.193339 
0.193332 
0.193203 
0.193214 
0.193247 
0.193241 
0.193111 
0.193121 
0.193152 
0.193143 
0.193084 
0.193014 
0.193044 
0.193043 
0.193007 
0.192878 
0.192915 
0.19295 
0.19292 
0.192781 
0.192809 
0.192843 
0.192812 
0.192743 
0.192723 
0.192718 
0.192695 
0.192653 
0.192621 
0.192604 
0.192579 
0.192549 
0.192519 
0.192489 
0.19246 
0.192429 
0.192399 
0.192368 
0.192337 
0.192306 
0.192275 
0.192243 
0.192212 
0.19218 
0.192147 
0.192115 
0.192082 
0.192049 
0.192016 
0.191983 
0.191949 
0.191915 
0.191881 
0.191847 
0.191813 
0.191778 
0.191743 
0.191724 
0.191694 
0.191642 
0.191601 
0.191581 
0.191562 
0.191516 
0.19146 
0.191434 
0.191414 
0.19138 
0.191329 
0.191289 
0.191263 
0.191228 
0.191189 
0.19115 
0.191111 
0.191073 
0.191033 
0.190993 
0.190953 
0.190913 
0.190873 
0.190832 
0.190792 
0.190751 
0.19071 
0.190668 
0.190627 
0.190606 
0.190569 
0.190505 
0.190457 
0.190436 
0.1904 
0.190356 
0.19029 
0.190262 
0.190225 
0.190181 
0.190136 
0.190091 
0.190047 
0.190002 
0.189957 
0.189912 
0.189866 
0.189821 
0.189775 
0.189728 
0.189682 
0.189635 
0.189589 
0.189542 
0.189494 
0.189447 
0.189399 
0.18937 
0.189325 
0.189258 
0.189205 
0.189176 
0.189131 
0.189081 
0.18903 
0.188981 
0.188932 
0.188882 
0.188831 
0.188781 
0.18873 
0.188679 
0.188628 
0.188577 
0.188525 
0.188473 
0.188421 
0.188369 
0.188317 
0.188264 
0.188211 
0.188158 
0.188105 
0.188051 
0.187997 
0.187943 
0.187889 
0.187835 
0.18778 
0.187726 
0.187671 
0.187615 
0.18756 
0.187504 
0.187448 
0.187392 
0.187336 
0.18728 
0.187223 
0.187166 
0.187109 
0.187052 
0.186994 
0.186936 
0.1869 
0.186826 
0.186763 
0.186725 
0.18667 
0.186588 
0.186524 
0.186488 
0.186432 
0.186371 
0.18631 
0.186251 
0.186191 
0.18613 
0.186069 
0.186007 
0.185957 
0.185889 
0.185846 
0.18579 
0.185705 
0.185635 
0.185595 
0.185541 
0.185477 
0.18539 
0.185341 
0.185286 
0.185223 
0.185157 
0.185093 
0.185029 
0.184964 
0.1849 
0.184834 
0.184769 
0.184704 
0.184638 
0.184572 
0.184506 
0.18444 
0.184373 
0.184307 
0.18424 
0.184173 
0.184105 
0.184038 
0.18397 
0.183902 
0.183834 
0.183766 
0.183697 
0.183629 
0.18356 
0.183491 
0.183421 
0.183352 
0.183282 
0.183212 
0.183142 
0.183072 
0.183001 
0.18293 
0.182859 
0.182788 
0.182717 
0.182645 
0.182574 
0.182502 
0.18243 
0.182357 
0.182285 
0.182212 
0.182139 
0.182066 
0.181993 
0.181919 
0.181845 
0.181771 
0.181697 
0.181623 
0.181549 
0.181474 
0.181399 
0.181324 
0.181249 
0.181173 
0.181097 
0.181021 
0.180945 
0.180869 
0.180793 
0.180716 
0.180639 
0.180562 
0.180485 
0.180407 
0.18033 
0.180252 
0.180174 
0.180096 
0.180017 
0.179939 
0.17986 
0.179781 
0.179702 
0.179622 
0.179543 
0.179463 
0.179383 
0.179303 
0.179222 
0.179142 
0.179061 
0.17898 
0.178899 
0.178818 
0.178736 
0.178655 
0.178573 
0.178491 
0.178409 
0.178326 
0.178244 
0.178161 
0.178078 
0.177995 
0.177911 
0.177828 
0.177744 
0.17766 
0.177576 
0.177492 
0.177407 
0.177322 
0.177238 
0.177152 
0.177067 
0.176982 
0.176896 
0.17681 
0.176724 
0.176638 
0.176552 
0.176465 
0.176379 
0.176292 
0.176205 
0.176117 
0.17603 
0.175942 
0.175854 
0.175766 
0.175678 
0.17559 
0.175501 
0.175413 
0.175324 
0.175235 
0.175145 
0.175056 
0.174966 
0.174876 
0.174786 
0.174696 
0.174606 
0.174515 
0.174425 
0.174334 
0.174243 
0.174151 
0.17406 
0.173968 
0.173877 
0.173785 
0.173693 
0.1736 
0.173508 
0.173415 
0.173322 
0.173229 
0.173136 
0.173043 
0.172949 
0.172855 
0.172761 
0.172667 
0.172573 
0.172479 
0.172384 
0.172289 
0.172194 
0.172099 
0.172004 
0.171909 
0.171817 
0.171735 
0.171672 
0.171569 
0.171439 
0.171349 
0.171301 
0.17121 
0.171061 
0.170941 
0.170915 
0.170834 
0.170674 
0.170561 
0.170531 
0.170454 
0.170288 
0.170201 
0.170146 
0.17006 
0.169913 
0.169799 
0.169756 
0.169668 
0.169518 
0.1694 
0.169355 
0.169268 
0.169164 
0.169018 
0.168953 
0.168863 
0.168762 
0.168656 
0.168553 
0.168453 
0.168353 
0.168251 
0.168148 
0.168045 
0.167943 
0.167841 
0.167738 
0.167634 
0.167531 
0.167428 
0.167324 
0.167221 
0.167117 
0.167013 
0.166908 
0.166804 
0.1667 
0.166595 
0.16649 
0.166385 
0.16628 
0.166175 
0.166069 
0.165964 
0.165858 
0.165752 
0.165646 
0.16554 
0.165433 
0.165327 
0.16522 
0.165113 
0.165006 
0.164899 
0.164791 
0.164684 
0.164578 
0.164482 
0.164452 
0.164396 
0.164375 
0.164262 
0.164095 
0.163908 
0.163753 
0.163691 
0.16372 
0.163636 
0.163446 
0.163191 
0.163027 
0.163039 
0.163084 
0.162967 
0.162752 
0.162519 
0.162394 
0.162443 
0.162459 
0.162291 
0.162046 
0.161794 
0.161808 
0.161896 
0.161785 
0.161548 
0.16129 
0.16122 
0.161318 
0.161255 
0.161049 
0.16075 
0.160564 
0.160647 
0.160672 
0.160512 
0.160283 
0.160045 
0.160003 
0.160078 
0.159979 
0.159786 
0.15959 
0.159512 
0.159508 
0.159401 
0.159216 
0.159049 
0.158946 
0.1589 
0.158772 
0.158611 
0.158477 
0.158392 
0.158321 
0.158187 
0.158028 
0.157897 
0.15781 
0.157726 
0.157594 
0.157441 
0.157313 
0.157223 
0.157117 
0.156995 
0.15685 
0.156725 
0.156631 
0.156521 
0.1564 
0.156277 
0.156159 
0.156042 
0.155923 
0.155803 
0.155683 
0.155563 
0.155444 
0.155324 
0.155205 
0.155089 
0.154983 
0.154871 
0.154754 
0.154634 
0.154513 
0.154392 
0.15427 
0.154148 
0.154026 
0.153904 
0.153782 
0.15366 
0.153539 
0.153418 
0.153296 
0.153174 
0.153052 
0.15293 
0.152808 
0.152685 
0.152563 
0.15244 
0.152318 
0.152195 
0.152072 
0.151949 
0.151837 
0.151724 
0.151604 
0.151482 
0.151358 
0.151234 
0.151109 
0.150983 
0.150858 
0.150732 
0.150607 
0.150483 
0.150358 
0.150233 
0.150108 
0.149983 
0.149858 
0.149736 
0.149614 
0.149492 
0.149371 
0.149249 
0.149127 
0.149004 
0.148879 
0.148753 
0.148643 
0.148517 
0.148394 
0.148278 
0.148159 
0.14803 
0.147903 
0.147789 
0.147669 
0.147542 
0.14741 
0.147286 
0.147161 
0.147031 
0.146899 
0.146769 
0.146641 
0.146513 
0.146383 
0.146252 
0.146122 
0.145993 
0.145863 
0.145733 
0.145602 
0.145472 
0.145343 
0.145213 
0.145084 
0.144955 
0.144825 
0.144695 
0.144565 
0.144435 
0.144305 
0.144175 
0.144045 
0.143915 
0.143784 
0.143654 
0.143524 
0.143393 
0.143262 
0.143131 
0.143003 
0.142882 
0.142759 
0.142634 
0.142504 
0.142373 
0.142241 
0.142108 
0.141975 
0.141842 
0.141708 
0.141575 
0.141442 
0.141309 
0.141176 
0.141044 
0.140911 
0.140779 
0.140646 
0.140513 
0.14038 
0.140247 
0.140114 
0.139981 
0.139848 
0.139714 
0.139581 
0.139447 
0.139314 
0.13918 
0.139046 
0.138912 
0.138778 
0.138644 
0.13851 
0.138376 
0.138242 
0.138107 
0.137973 
0.137838 
0.137704 
0.137569 
0.137434 
0.137299 
0.13717 
0.137042 
0.136912 
0.136783 
0.136654 
0.136521 
0.136386 
0.136251 
0.136114 
0.135978 
0.135841 
0.135705 
0.135568 
0.135431 
0.135298 
0.135167 
0.135036 
0.134907 
0.134778 
0.134649 
0.134521 
0.134388 
0.134252 
0.134115 
0.133978 
0.13384 
0.133702 
0.133564 
0.133425 
0.133287 
0.133149 
0.13301 
0.132872 
0.132733 
0.132595 
0.132456 
0.132318 
0.132179 
0.132041 
0.131902 
0.131764 
0.13166 
0.13155 
0.131425 
0.131235 
0.131102 
0.131025 
0.13091 
0.13074 
0.130533 
0.130446 
0.13037 
0.130209 
0.130023 
0.129892 
0.129808 
0.129673 
0.129505 
0.129357 
0.129222 
0.129101 
0.128959 
0.128802 
0.128674 
0.128541 
0.128401 
0.128257 
0.128115 
0.127976 
0.127835 
0.127692 
0.127549 
0.127408 
0.127267 
0.127125 
0.126984 
0.126842 
0.1267 
0.126559 
0.126417 
0.126275 
0.126133 
0.125991 
0.125849 
0.125707 
0.125565 
0.125423 
0.125281 
0.125142 
0.125006 
0.124883 
0.124764 
0.124605 
0.124456 
0.124324 
0.124198 
0.124065 
0.123917 
0.12376 
0.123612 
0.123485 
0.123351 
0.123206 
0.123054 
0.122905 
0.122764 
0.12263 
0.122491 
0.122342 
0.122187 
0.122037 
0.121896 
0.121763 
0.121624 
0.121475 
0.121319 
0.121167 
0.121027 
0.120893 
0.120755 
0.120607 
0.120454 
0.120303 
0.120159 
0.120022 
0.119887 
0.11975 
0.119608 
0.119457 
0.119307 
0.119176 
0.119041 
0.1189 
0.118754 
0.118608 
0.118465 
0.118326 
0.118189 
0.118051 
0.117913 
0.117772 
0.117628 
0.117483 
0.117338 
0.117192 
0.117046 
0.1169 
0.116755 
0.116609 
0.116464 
0.116318 
0.116173 
0.116027 
0.115882 
0.115736 
0.11559 
0.115445 
0.115299 
0.115153 
0.115008 
0.114863 
0.114717 
0.114572 
0.114426 
0.11428 
0.114134 
0.113989 
0.113843 
0.113697 
0.113551 
0.113405 
0.113259 
0.113122 
0.112997 
0.112857 
0.112713 
0.112567 
0.112421 
0.112274 
0.112126 
0.111977 
0.111827 
0.111678 
0.111529 
0.11138 
0.111232 
0.111083 
0.110934 
0.110785 
0.110637 
0.11049 
0.110344 
0.110198 
0.110052 
0.109907 
0.109763 
0.109619 
0.109475 
0.109331 
0.109188 
0.109044 
0.108902 
0.108794 
0.108676 
0.108486 
0.108324 
0.108217 
0.108092 
0.107938 
0.107805 
0.107622 
0.107513 
0.107366 
0.107227 
0.107069 
0.106923 
0.106771 
0.10663 
0.10648 
0.106356 
0.1062 
0.106085 
0.105921 
0.105813 
0.105648 
0.105547 
0.105378 
0.105269 
0.105102 
0.104985 
0.104822 
0.1047 
0.10454 
0.104413 
0.104254 
0.104124 
0.103962 
0.103833 
0.10367 
0.103543 
0.103378 
0.103253 
0.103087 
0.102963 
0.102796 
0.102672 
0.102578 
0.102468 
0.102275 
0.102108 
0.1019 
0.101714 
0.101506 
0.101308 
0.101098 
0.100893 
0.100682 
0.100472 
0.10026 
0.100047 
0.0998325 
0.0996168 
0.0993998 
0.0991816 
0.0989619 
0.098741 
0.0985188 
0.0982953 
0.0980705 
0.0978444 
0.0976172 
0.0973887 
0.097159 
0.0969281 
0.0966961 
0.096463 
0.0962288 
0.0959934 
0.095757 
0.0955195 
0.095281 
0.0950415 
0.094801 
0.0945595 
0.0943171 
0.0940737 
0.0938295 
0.0935843 
0.0933383 
0.0930914 
0.0928437 
0.0925952 
0.0923459 
0.0920958 
0.091845 
0.0915934 
0.0913412 
0.0910883 
0.0908347 
0.0905805 
0.0903256 
0.0900702 
0.0898142 
0.0895577 
0.0893006 
0.089043 
0.0887849 
0.0885263 
0.0882673 
0.0880079 
0.0877481 
0.0874878 
0.0872273 
0.0869664 
0.0867051 
0.0864436 
0.0861818 
0.0859197 
0.0856575 
0.085395 
0.0851323 
0.0848694 
0.0846064 
0.0843433 
0.0840801 
0.0838168 
0.0835534 
0.08329 
0.0830266 
0.0827632 
0.0824999 
0.0822366 
0.0819733 
0.0817102 
0.0814471 
0.0811842 
0.0809215 
0.080659 
0.0803966 
0.0801345 
0.0798726 
0.0796109 
0.0793496 
0.0790886 
0.0788279 
0.0785678 
0.0783087 
0.07805 
0.0777917 
0.0775338 
0.0772763 
0.0770193 
0.0767628 
0.0765068 
0.0762513 
0.0759963 
0.0757419 
0.0754881 
0.0752348 
0.0749818 
0.0747293 
0.0744773 
0.0742259 
0.0739753 
0.0737253 
0.0734761 
0.0732277 
0.07298 
0.0727332 
0.0724872 
0.0722421 
0.0719979 
0.0717545 
0.0715121 
0.0712706 
0.0710301 
0.0707906 
0.0705521 
0.0703145 
0.070078 
0.0698426 
0.0696082 
0.0693749 
0.0691427 
0.0689117 
0.0686818 
0.0684534 
0.0682263 
0.0680005 
0.0677761 
0.0675529 
0.067331 
0.0671103 
0.066891 
0.0666731 
0.0664566 
0.0662413 
0.0660273 
0.0658145 
0.065603 
0.0653928 
0.0651841 
0.0649768 
0.0647709 
0.0645666 
0.0643638 
0.0641626 
0.0639629 
0.0637644 
0.0635673 
0.0633716 
0.0631767 
0.0629838 
0.0627921 
0.0626024 
0.0624142 
0.0622276 
0.0620427 
0.0618595 
0.0616779 
0.061498 
0.0613197 
0.0611432 
0.0609684 
0.0607948 
0.0606234 
0.0604531 
0.0602856 
0.0601185 
0.0599549 
0.0597912 
0.0596313 
0.0594722 
0.0593154 
0.0591607 
0.059007 
0.058857 
0.0587061 
0.05856 
0.0584144 
0.0582716 
0.0581299 
0.0579908 
0.0578536 
0.0577182 
0.0575852 
0.0574536 
0.0573248 
0.0571975 
0.0570728 
0.0569499 
0.0568294 
0.0567109 
0.0565945 
0.0564803 
0.0563681 
0.056258 
0.0561499 
0.0560439 
0.0559402 
0.0558384 
0.055739 
0.0556415 
0.0555466 
0.0554535 
0.0553628 
0.0552743 
0.055188 
0.055104 
0.055022 
0.0549425 
0.0548651 
0.0547901 
0.0547172 
0.0546467 
0.0545784 
0.0545125 
0.0544488 
0.0543875 
0.0543284 
0.0542717 
0.0542172 
0.0541651 
0.0541152 
0.0540678 
0.0540225 
0.0539798 
0.0539391 
0.053901 
0.0538651 
0.0538316 
0.0538004 
0.0537716 
0.0537451 
0.0537209 
0.0536992 
0.0536796 
0.0536626 
0.0536478 
0.0536354 
0.0536254 
0.0536175 
0.0536124 
0.0536093 
0.0536088 
0.0536106 
0.0536146 
0.0536212 
0.0536297 
0.0536413 
0.0536542 
0.0536705 
0.0536887 
0.0537092 
0.0537325 
0.0537572 
0.0537853 
0.0538151 
0.0538477 
0.0538822 
0.0539194 
0.0539586 
0.0540004 
0.0540444 
0.0540908 
0.0541392 
0.0541904 
0.0542434 
0.0542992 
0.0543571 
0.0544172 
0.0544797 
0.0545446 
0.0546113 
0.0546809 
0.0547523 
0.0548263 
0.0549024 
0.0549808 
0.0550614 
0.0551443 
0.0552294 
0.0553167 
0.0554063 
0.055498 
0.055592 
0.0556881 
0.0557681 
0.0558421 
0.0559147 
0.0559882 
0.0560632 
0.0561403 
0.0562197 
0.0563014 
0.0563856 
0.056472 
0.056561 
0.0566522 
0.0567461 
0.0568423 
0.0569409 
0.0570419 
0.0571453 
0.0572512 
0.0573594 
0.0574701 
0.0575831 
0.0576985 
0.0578162 
0.0579362 
0.0580585 
0.0581831 
0.0583102 
0.0584395 
0.0585713 
0.0587054 
0.0588419 
0.0589808 
0.059122 
0.0592656 
0.0594115 
0.0595597 
0.0597104 
0.0598631 
0.0600184 
0.0601758 
0.0603355 
0.0604975 
0.0606618 
0.0608283 
0.060997 
0.061168 
0.0613411 
0.0615163 
0.061694 
0.0618737 
0.062056 
0.0622398 
0.0624269 
0.0626138 
0.0628057 
0.0629956 
0.0631921 
0.0633869 
0.0635874 
0.0637858 
0.0639902 
0.0641938 
0.0644016 
0.06461 
0.0648212 
0.0650338 
0.0652483 
0.0654641 
0.0656821 
0.0659015 
0.0661235 
0.0663454 
0.0665713 
0.0667972 
0.0670268 
0.0672562 
0.067489 
0.0677236 
0.0679594 
0.0681972 
0.0684372 
0.0686788 
0.0689223 
0.0691672 
0.0694139 
0.0696621 
0.0699119 
0.0701633 
0.0704163 
0.070671 
0.0709273 
0.0711855 
0.0714454 
0.0717071 
0.0719704 
0.0722353 
0.0725018 
0.0727697 
0.0730392 
0.0733101 
0.0735824 
0.0738562 
0.0741313 
0.0744078 
0.0746857 
0.0749649 
0.0752454 
0.0755272 
0.0758103 
0.0760946 
0.0763802 
0.076667 
0.0769548 
0.0772434 
0.077533 
0.0778235 
0.078115 
0.0784075 
0.078701 
0.0789954 
0.0792909 
0.0795873 
0.0798846 
0.0801829 
0.0804823 
0.0807831 
0.0810849 
0.0813876 
0.081691 
0.0819951 
0.0822999 
0.0826054 
0.0829117 
0.0832186 
0.0835261 
0.0838343 
0.0841431 
0.0844525 
0.0847625 
0.085073 
0.0853841 
0.0856956 
0.0860077 
0.0863201 
0.086633 
0.0869463 
0.0872599 
0.0875739 
0.0878882 
0.0882028 
0.0885176 
0.0888327 
0.089148 
0.0894634 
0.089779 
0.0900947 
0.0904105 
0.0907264 
0.0910422 
0.0913581 
0.091674 
0.0919899 
0.0923056 
0.0926213 
0.0929368 
0.0932521 
0.0935673 
0.0938823 
0.094197 
0.0945114 
0.0948256 
0.0951394 
0.0954529 
0.0957659 
0.0960786 
0.0963908 
0.0967025 
0.0970138 
0.0973245 
0.0976346 
0.0979442 
0.0982531 
0.0985614 
0.098869 
0.0991759 
0.0994821 
0.0997875 
0.100092 
0.100396 
0.100699 
0.101001 
0.101302 
0.101602 
0.101903 
0.102201 
0.102501 
0.102796 
0.103096 
0.103385 
0.10369 
0.103972 
0.104278 
0.104537 
0.104852 
0.105108 
0.105419 
0.105679 
0.105987 
0.106245 
0.106553 
0.106803 
0.107111 
0.107354 
0.107663 
0.107909 
0.108213 
0.108462 
0.108737 
0.109002 
0.109264 
0.109525 
0.109775 
0.110012 
0.110239 
0.110491 
0.110698 
0.110935 
0.111183 
0.111432 
0.11168 
0.111927 
0.112174 
0.112421 
0.11267 
0.112917 
0.113161 
0.113403 
0.113641 
0.113877 
0.114111 
0.114338 
0.114544 
0.114761 
0.114975 
0.115189 
0.115401 
0.115614 
0.115825 
0.116034 
0.116242 
0.116446 
0.116648 
0.116848 
0.117046 
0.117241 
0.117433 
0.117623 
0.11781 
0.117995 
0.118177 
0.118358 
0.118536 
0.118709 
0.118875 
0.119037 
0.119194 
0.119351 
0.119505 
0.119658 
0.119809 
0.119958 
0.120105 
0.120245 
0.120383 
0.12052 
0.120652 
0.120781 
0.120911 
0.12104 
0.121167 
0.121289 
0.121408 
0.121523 
0.121636 
0.121747 
0.121856 
0.121961 
0.122061 
0.122158 
0.122253 
0.122346 
0.122435 
0.122521 
0.122602 
0.12268 
0.122755 
0.122829 
0.122899 
0.122965 
0.123027 
0.123085 
0.12314 
0.123194 
0.123245 
0.123291 
0.123332 
0.12337 
0.123406 
0.12344 
0.12347 
0.123496 
0.123517 
0.123534 
0.123549 
0.123563 
0.123573 
0.123579 
0.123579 
0.123575 
0.123569 
0.123562 
0.123552 
0.123537 
0.123516 
0.12349 
0.123464 
0.123437 
0.123406 
0.12337 
0.123327 
0.12328 
0.123233 
0.123185 
0.123134 
0.123076 
0.123012 
0.122944 
0.122875 
0.122807 
0.122735 
0.122656 
0.12257 
0.122481 
0.122391 
0.122302 
0.12221 
0.12211 
0.122002 
0.121891 
0.12178 
0.121671 
0.121558 
0.121437 
0.121308 
0.121176 
0.121044 
0.120914 
0.12078 
0.12064 
0.120491 
0.120339 
0.120186 
0.120034 
0.119882 
0.119725 
0.119568 
0.119402 
0.119231 
0.11906 
0.118887 
0.11871 
0.118527 
0.118342 
0.118155 
0.117966 
0.117777 
0.117581 
0.117378 
0.11717 
0.116958 
0.116742 
0.116524 
0.116303 
0.116079 
0.115852 
0.115621 
0.115387 
0.11515 
0.11491 
0.114667 
0.114421 
0.114172 
0.11392 
0.113665 
0.113407 
0.113145 
0.112882 
0.112641 
0.112379 
0.112105 
0.111826 
0.111545 
0.11126 
0.110971 
0.110678 
0.110383 
0.110086 
0.109789 
0.109492 
0.109193 
0.108893 
0.108591 
0.108288 
0.107983 
0.10772 
0.107409 
0.107098 
0.10677 
0.106451 
0.10612 
0.105811 
0.105469 
0.105168 
0.104815 
0.104528 
0.104177 
0.103868 
0.103517 
0.103191 
0.102831 
0.102496 
0.10213 
0.101789 
0.101424 
0.101072 
0.100707 
0.100346 
0.09998 
0.0996135 
0.0992456 
0.098876 
0.0985046 
0.0981313 
0.0977563 
0.0973794 
0.0970007 
0.0966202 
0.0962379 
0.0958539 
0.0954682 
0.0950809 
0.0946919 
0.0943014 
0.0939092 
0.0935156 
0.0931205 
0.0927239 
0.0923259 
0.0919265 
0.0915257 
0.0911236 
0.0907203 
0.0903156 
0.0899098 
0.0895028 
0.0890946 
0.0886853 
0.088275 
0.0878636 
0.0874512 
0.0870378 
0.0866235 
0.0862082 
0.0857921 
0.0853752 
0.0849575 
0.084539 
0.0841197 
0.0836998 
0.0832792 
0.0828579 
0.0824361 
0.0820138 
0.0815909 
0.0811675 
0.0807437 
0.0803195 
0.0798949 
0.07947 
0.0790447 
0.0786192 
0.0781935 
0.0777687 
0.0773439 
0.0769192 
0.0764943 
0.0760693 
0.0756443 
0.0752192 
0.0747942 
0.0743686 
0.0739428 
0.0735169 
0.0730911 
0.0726655 
0.0722401 
0.0718149 
0.0713901 
0.0709656 
0.0705416 
0.070118 
0.0696948 
0.0692722 
0.0688501 
0.0684286 
0.0680078 
0.0675879 
0.067169 
0.0667512 
0.0663343 
0.0659187 
0.065504 
0.06509 
0.0646767 
0.0642642 
0.0638525 
0.0634418 
0.063032 
0.0626231 
0.062214 
0.0618054 
0.0613981 
0.0609916 
0.0605861 
0.060182 
0.0597777 
0.0593763 
0.0589736 
0.0585758 
0.0581751 
0.0577808 
0.057383 
0.0569917 
0.0565973 
0.0562087 
0.0558187 
0.0554327 
0.0550471 
0.0546639 
0.0542817 
0.0539013 
0.0535226 
0.0531454 
0.0527708 
0.0523972 
0.0520269 
0.0516574 
0.0512907 
0.050925 
0.0505622 
0.0502 
0.0498417 
0.0494833 
0.0491298 
0.0487746 
0.0484255 
0.0480768 
0.0477309 
0.0473879 
0.0470453 
0.0467076 
0.0463703 
0.0460373 
0.0457053 
0.0453772 
0.0450503 
0.0447273 
0.0444058 
0.0440881 
0.0437722 
0.0434597 
0.0431497 
0.0428425 
0.0425386 
0.0422364 
0.0419387 
0.0416426 
0.0413504 
0.0410609 
0.0407741 
0.0404911 
0.0402096 
0.0399331 
0.039658 
0.0393876 
0.039119 
0.038855 
0.0385928 
0.0383354 
0.0380795 
0.0378291 
0.0375794 
0.0373362 
0.0370927 
0.0368566 
0.0366202 
0.0363907 
0.0361619 
0.0359388 
0.0357174 
0.035501 
0.0352873 
0.0350775 
0.0348716 
0.0346684 
0.0344705 
0.0342739 
0.0340838 
0.0338947 
0.033712 
0.0335306 
0.0333553 
0.0331816 
0.0330138 
0.032848 
0.0326877 
0.0325297 
0.0323768 
0.0322269 
0.0320816 
0.0319399 
0.0318022 
0.0316689 
0.0315385 
0.0314137 
0.0312913 
0.0311745 
0.0310605 
0.0309515 
0.0308462 
0.0307447 
0.0306484 
0.0305541 
0.030467 
0.0303804 
0.0303018 
0.030224 
0.0301535 
0.0300842 
0.0300218 
0.0299613 
0.0299071 
0.0298554 
0.0298094 
0.0297665 
0.0297287 
0.0296948 
0.0296651 
0.0296404 
0.0296185 
0.0296032 
0.0295892 
0.0295829 
0.0295776 
0.0295801 
0.0295835 
0.0295945 
0.0296069 
0.0296264 
0.0296477 
0.0296757 
0.029706 
0.0297425 
0.0297819 
0.0298268 
0.0298754 
0.0299286 
0.0299867 
0.0300477 
0.0301154 
0.0301844 
0.0302614 
0.0303392 
0.030425 
0.0305117 
0.0306061 
0.0307017 
0.0308047 
0.0309094 
0.0310209 
0.0311346 
0.0312546 
0.0313774 
0.0315057 
0.0316378 
0.0317742 
0.0319158 
0.0320599 
0.0322111 
