1.164792653247292531e+00
1.164201902153484403e+00
1.179456750415557753e+00
1.205295006867631580e+00
1.235030359155785185e+00
1.261900530931697295e+00
1.280313710723509857e+00
1.286790332038735718e+00
1.280460515375593467e+00
1.263061626579909724e+00
1.238467995843152591e+00
1.211864289682687001e+00
1.188726331543745518e+00
1.173797250488599175e+00
1.170236632179480596e+00
1.179080820208845859e+00
1.199091564579477742e+00
1.227001514493536227e+00
1.258097389669480926e+00
1.287028519332699794e+00
1.308697686313424757e+00
1.319085009587136259e+00
1.315873928650300950e+00
1.298787173819132779e+00
1.269591639854427800e+00
1.231783937444702826e+00
1.190018323770200670e+00
1.149374537491070436e+00
1.114582722038732765e+00
1.089322128528175782e+00
1.075696874983161022e+00
1.073957525137131608e+00
1.082502067318067640e+00
1.098147302609328690e+00
1.116624506098790492e+00
1.133222428078584532e+00
1.143485612515650729e+00
1.143867408973700206e+00
1.132248323223729036e+00
1.108249406433390982e+00
1.073299753911951537e+00
1.030450259633496790e+00
9.839625416738655428e-01
9.387303313477127764e-01
8.996151913006874556e-01
8.707900617025803314e-01
8.551834043747268410e-01
8.541021328775683097e-01
8.670873578218125655e-01
8.920219067187735718e-01
9.254716435089440640e-01
9.632074458516898252e-01
1.000826745893808489e+00
1.034377543852429415e+00
1.060888017556695928e+00
1.078720011793787181e+00
1.087693238956644270e+00
1.088966242798519612e+00
1.084701282107486620e+00
1.077577423956531000e+00
1.070242544216066127e+00
1.064806153883464557e+00
1.062465664094750295e+00
1.063334860998110809e+00
1.066504626986402027e+00
1.070321705427196068e+00
1.072827662695832629e+00
1.072270507808541495e+00
1.067581938954673237e+00
1.058720315878221685e+00
1.046802459416487086e+00
1.033987810888234771e+00
1.023126057080827600e+00
1.017229216618956489e+00
1.018864200450974700e+00
1.029583561105916534e+00
1.049509157710595941e+00
1.077158818783498173e+00
1.109562215498890447e+00
1.142659874943155796e+00
1.171923463336913107e+00
1.193092120176819204e+00
1.202894197601246828e+00
1.199622581296554191e+00
1.183455109538534611e+00
1.156457273267123664e+00
1.122261276261236063e+00
1.085475034263345240e+00
1.050925446113679440e+00
1.022871343777329578e+00
1.004327362426733483e+00
9.966197541197377996e-01
9.992520392679123953e-01
1.010099223736529606e+00
1.025888528530304544e+00
1.042870590442920742e+00
1.057550303165357475e+00
1.067335499243497576e+00
1.070982201014978319e+00
1.068752045237776338e+00
1.062257764604748633e+00
1.054032565500984564e+00
1.046913902977478106e+00
1.043367237032565287e+00
1.044889028482828941e+00
1.051608957577337966e+00
1.062173795885862138e+00
1.073938396119508809e+00
1.083428580645839023e+00
1.086985959165570836e+00
1.081470149313170870e+00
1.064880255064716286e+00
1.036774219650069995e+00
9.984037725119805362e-01
9.525383242418394847e-01
9.030113875063575657e-01
8.540780187762629927e-01
8.097071989964611527e-01
7.729452056549928063e-01
7.454711317529738590e-01
7.274267283174606913e-01
7.175474331863580524e-01
7.135619039870093605e-01
7.127738602819657654e-01
7.127035345330325899e-01
7.116553344057876540e-01
7.090934838054820943e-01
7.057465707581476178e-01
7.034173399449307196e-01
7.045353157848847081e-01
7.115420203801725574e-01
7.262357900514855302e-01
7.492138022805506781e-01
7.795329442543809106e-01
8.146692004418794042e-01
8.508007682038704056e-01
8.833727605719696729e-01
9.078477053093244598e-01
9.205054975331501410e-01
9.191431177564657329e-01
9.035379185040877115e-01
8.755812199590848888e-01
8.390450339100257171e-01
7.990135870826751141e-01
7.610726317931877372e-01
7.303954725132018044e-01
7.108846558325918608e-01
7.045219056148950276e-01
7.110413944252154117e-01
7.279857278975390145e-01
7.511364853234140382e-01
7.752451770287343003e-01
7.949373798513365008e-01
8.056339080477409320e-01
8.043302310516615705e-01
7.901012929675339524e-01
7.642484899682564503e-01
7.300684495349445413e-01
6.922886941890104007e-01
6.562722650535144364e-01
6.271314222933928040e-01
6.089018988713564839e-01
6.039160729968970909e-01
6.124750759177957082e-01
6.328659808044683199e-01
6.617080552069987132e-01
6.945601735135780164e-01
7.266738687069660418e-01
7.537601963690299112e-01
7.726396357500014966e-01
7.816706452537798278e-01
7.808939582746381447e-01
7.718848046123691908e-01
7.573523345515508209e-01
7.405704469914851096e-01
7.247483638290506125e-01
7.124548762013319658e-01
7.051940829383162024e-01
7.032011516961446107e-01
7.054817570278626437e-01
7.100761543613590687e-01
7.144894123656501117e-01
7.162026239325387511e-01
7.131685874002854364e-01
7.042037902364327584e-01
6.892091269865485703e-01
6.691851061208090590e-01
6.460449467896520748e-01
6.222640612645033986e-01
6.004310984433296472e-01
5.827813182469975262e-01
5.707933915802445579e-01
5.649169613577487148e-01
5.644755472788183237e-01
5.677590903698225278e-01
5.722894005270670048e-01
5.752149841779690131e-01
5.737739022479130258e-01
5.657530098256573492e-01
5.498761224389270286e-01
5.260653322871599036e-01
4.955395788799027978e-01
4.607364165374533416e-01
4.250701810134999148e-01
3.925553902764425396e-01
3.673433016435501131e-01
3.532265893474149654e-01
3.531694833311611603e-01
3.689150589521084656e-01
4.007147094260143372e-01
4.472082163659378828e-01
5.054701103418586250e-01
5.712212583222091578e-01
6.391893548968669014e-01
7.035868799649155347e-01
7.586649541105370265e-01
7.992902749475724322e-01
8.214881771727180482e-01
8.228943118982856575e-01
8.030625198844498769e-01
7.635868804539416299e-01
7.080138129590788365e-01
6.415406078843133297e-01
5.705207925702970861e-01
5.018215960593390701e-01
4.420996914248266907e-01
3.970759230244170213e-01
3.708957976747382923e-01
3.656575878789505296e-01
3.811719450516211638e-01
4.149915796390065692e-01
4.627154650563217730e-01
5.185361640424507312e-01
5.759635383952868004e-01
6.286363584852957542e-01
6.711132133117387877e-01
6.995391641465654731e-01
7.120978610125199282e-01
7.091883251787576281e-01
6.933022631547166581e-01
6.686231344426362133e-01
6.404033538210405219e-01
6.142103382510698539e-01
5.951487275895199769e-01
5.871684495570513862e-01
5.925527882434746818e-01
6.116549848313704851e-01
6.429110208467744281e-01
6.831170055136550623e-01
7.279208591793289163e-01
7.724488575571822890e-01
8.119706609464023561e-01
8.425074116410978808e-01
8.612997802725164131e-01
8.670792930391730824e-01
8.601197131350213354e-01
8.420797457488150561e-01
8.156781778920703108e-01
7.842650796493721987e-01
7.513619684019982037e-01
7.202398551917682523e-01
6.935911190337791243e-01
6.733286987786823996e-01
6.605206507174584685e-01
6.554444948788258340e-01
6.577291334288479785e-01
6.665401031997129078e-01
6.807661563305245078e-01
6.991728837594106682e-01
7.205041580631286191e-01
7.435271349410379482e-01
7.670369119701436755e-01
7.898408103336242991e-01
8.107507968743241644e-01
8.286063041598245027e-01
8.423400877935887099e-01
8.510838293031049995e-01
8.542998880154446528e-01
8.519091531558797836e-01
8.443832739553256417e-01
8.327706909230853105e-01
8.186362289333836140e-01
8.039083463002155705e-01
7.906495981326218114e-01
7.807798810122252853e-01
7.757962128116023814e-01
7.765374252442770464e-01
7.830377608262055755e-01
7.944993749748108236e-01
8.093956331881571042e-01
8.256929864164656019e-01
8.411573404779126850e-01
8.536954506157374833e-01
8.616738919611967029e-01
8.641612752658218710e-01
8.610501204131928432e-01
8.530423710889516453e-01
8.414978624190000422e-01
8.281769685526251257e-01
8.149249119075330228e-01
8.033565975318968100e-01
7.945973215706333415e-01
7.891306220690961215e-01
7.867747611806147345e-01
7.867906278986183111e-01
7.880962442730474748e-01
7.895428869347523859e-01
7.901936641876680101e-01
7.895498964601821434e-01
7.876753262113117549e-01
7.851912762502395449e-01
7.831416037349321346e-01
7.827524950196085296e-01
7.851328184670272048e-01
7.909769746290641335e-01
8.003317585635241205e-01
8.124776927532728621e-01
8.259567843397805920e-01
8.387504343623541914e-01
8.485818269222512589e-01
8.532935144562119323e-01
8.512359358781834695e-01
8.415941717955582879e-01
8.245931123231062809e-01
8.015393664735569468e-01
7.746863267177130918e-01
7.469384598267774233e-01
7.214441335494712337e-01
7.011384153136763775e-01
6.883128641378510881e-01
6.842824026042054752e-01
6.892031351567172726e-01
7.020683810266266089e-01
7.208831945434549526e-01
7.429830707716157390e-01
7.654424459044372187e-01
7.855043837863161516e-01
8.009619543647608086e-01
8.104301150913990615e-01
8.134742415287581352e-01
8.105797986599752036e-01
8.029802989735296270e-01
7.923825099641621517e-01
7.806433311318626833e-01
7.694555639689912852e-01
7.600980075666978752e-01
7.532856615789037535e-01
7.491362276738227077e-01
7.472472273249034513e-01
7.468575867435885973e-01
7.470529547913203894e-01
7.469714175790814759e-01
7.459690577439651582e-01
7.437154649839922138e-01
7.402081662927220140e-01
7.357119265609703973e-01
7.306439826588253528e-01
7.254365559816485787e-01
7.204129452314566029e-01
7.157036046913261007e-01
7.112221259203227453e-01
7.067044224152982945e-01
7.017998693671519961e-01
6.961891931674235590e-01
6.897033010594454394e-01
6.824088567135597749e-01
6.746401827391842465e-01
6.669665034530989356e-01
6.600991111115237508e-01
6.547541740825636447e-01
6.515042183223418437e-01
6.506464243616207899e-01
6.521196087108152017e-01
6.554902917557506870e-01
6.600149101355976544e-01
6.647673305243986253e-01
6.688114718180179219e-01
6.713831539948577065e-01
6.720450239555305627e-01
6.707822550411594031e-01
6.680174650151625704e-01
6.645374521552962488e-01
6.613448376622750313e-01
6.594606903191314595e-01
6.597146712879435881e-01
6.625645400515385308e-01
6.679815322932969313e-01
6.754257266468756127e-01
6.839196875923294616e-01
6.922110322582641917e-01
6.989932616470716509e-01
7.031461953625497419e-01
7.039507560777431561e-01
7.012366714635394072e-01
6.954323897534534504e-01
6.875080011737275676e-01
6.788153026412546698e-01
6.708535925366698738e-01
6.650018520003925238e-01
6.622650891558179431e-01
6.630801473200264029e-01
6.672192084111723265e-01
6.738077008701275350e-01
6.814561922070812017e-01
6.884847947537473534e-01
6.932024861999107612e-01
6.941915919360471809e-01
6.905526986307262138e-01
6.820650053715842098e-01
6.692366764305769378e-01
6.532375973062150010e-01
6.357273680942412408e-01
6.186071858035852022e-01
6.037404072482323025e-01
5.926867486079947511e-01
5.864926904098417548e-01
5.855703129936119522e-01
5.896800678022481312e-01
5.980137221678767379e-01
6.093589661027990489e-01
6.223134861933263817e-01
6.355083233967033784e-01
6.478036983192542175e-01
6.584268365301597647e-01
6.670334032302382976e-01
6.736896487714711945e-01
6.787881250953392565e-01
6.829175051998387369e-01
6.867167116168354513e-01
6.907423505263230457e-01
6.953732570584182371e-01
7.007651893447597313e-01
7.068611101673015762e-01
7.134447548376227077e-01
7.202215106735345707e-01
7.269041812761145582e-01
7.332826135797944067e-01
7.392588813981716411e-01
7.448450314334598144e-01
7.501218901981829834e-01
7.551730559058364989e-01
7.600122913584594908e-01
7.645254602095057361e-01
7.684435062606151945e-01
7.713610149977752073e-01
7.727995470858657345e-01
7.723074575960827692e-01
7.695783655175588711e-01
7.645645308493862480e-01
7.575587854269618671e-01
7.492260029306392344e-01
7.405704408558317908e-01
7.328375059873277753e-01
7.273618035071153232e-01
7.253836105925726141e-01
7.278623054455921615e-01
7.353187978132728064e-01
7.477354713175997647e-01
7.645309571921946601e-01
7.846175837883485604e-01
8.065342892863478497e-01
8.286349058712803028e-01
8.493020322217421647e-01
8.671550439849790015e-01
8.812172375572975280e-01
8.910182999451498054e-01
8.966178230017625150e-01
8.985490708518281133e-01
8.976950815083684088e-01
8.951224185114853293e-01
8.919002293314264307e-01
8.889361853897084220e-01
8.868555419658985528e-01
8.859410577679460719e-01
8.861376633742796827e-01
8.871193982449586679e-01
8.883986023046736014e-01
8.894553005049804506e-01
8.898610082963311907e-01
8.893741484941120046e-01
8.879893584495087699e-01
8.859361941845778077e-01
8.836288832493345291e-01
8.815796469789894951e-01
8.802946037152279413e-01
8.801733936387924340e-01
8.814308455282022781e-01
8.840559598533703767e-01
8.878142517986198357e-01
8.922902122915150613e-01
8.969607911740566930e-01
9.012846552670488176e-01
9.047895128413567800e-01
9.071416841354640326e-01
9.081876693700297043e-01
9.079605459777070342e-01
9.066540253743333722e-01
9.045717967131320369e-01
9.020639791366902305e-01
8.994631922592857265e-01
8.970346556463359988e-01
8.949458070787320585e-01
8.932600327981582433e-01
8.919520470800076373e-01
8.909387409456257512e-01
8.901142200575993257e-01
8.893837720979245187e-01
8.886849992301678602e-01
8.879941700543587668e-01
8.873176662486027544e-01
8.866731907157880954e-01
8.860662618438885918e-01
8.854730034358062607e-01
8.848333074936537423e-01
8.840592339831937485e-01
8.830581796376376635e-01
8.817664486966479975e-01
8.801840969112785240e-01
8.784034269549596541e-01
8.766211814456349449e-01
8.751280816147470887e-01
8.742746565605242770e-01
8.744171423014293065e-01
8.758514584595094021e-01
8.787480189266083652e-01
8.831015979898723112e-01
8.887063964919444947e-01
8.951652451048314196e-01
9.019346423604407414e-01
9.084003646108331775e-01
9.139721761146061274e-01
9.181832877431232998e-01
9.207749323903942074e-01
9.217508910975684699e-01
9.213901182467821860e-01
9.202125550037509871e-01
9.189011649088527633e-01
9.181932784720177043e-01
9.187572683762359471e-01
9.210765279956758533e-01
9.253616872363364942e-01
9.315084221194760428e-01
9.391089217439450021e-01
9.475211946565813559e-01
9.559839766987769938e-01
9.637608419876878552e-01
9.702897731129599412e-01
9.753125156444477639e-01
9.789586114195818478e-01
9.817685109201365057e-01
9.846457951623724947e-01
9.887414789739012999e-01
9.952847013082990468e-01
1.005383522781453598e+00
1.019824803963852666e+00
1.038906068481228573e+00
1.062328078969712042e+00
1.089168133835904051e+00
1.117944811238527292e+00
1.146770657176501729e+00
1.173575514982424739e+00
1.196371954680862215e+00
1.213528246876153016e+00
1.224007363657812153e+00
1.227537180180826804e+00
1.224683783990523134e+00
1.216812875964183416e+00
1.205938763677160797e+00
1.194480529315707695e+00
1.184953325378963918e+00
1.179637791325654606e+00
1.180273243383209714e+00
1.187818907140731906e+00
1.202316555279350219e+00
1.222879425788252927e+00
1.247807154025935450e+00
1.274813147558311766e+00
1.301332047624803590e+00
1.324863214306854164e+00
1.343298842170354224e+00
1.355191063127320295e+00
1.359917495951236344e+00
1.357722544883499971e+00
1.349631042209693543e+00
1.337250713402198254e+00
1.322496766746616093e+00
1.307285447609150664e+00
1.293246960763174469e+00
1.281503353756765273e+00
1.272546632522633780e+00
1.266233886815342213e+00
1.261895368696900999e+00
1.258531701447043627e+00
1.255061940980421342e+00
1.250572714883783743e+00
1.244521479726029556e+00
1.236854740346101433e+00
1.228018692901265085e+00
1.218859385344007729e+00
1.210434446226856808e+00
1.203771433867326213e+00
1.199623204913752073e+00
1.198271224120214473e+00
1.199420301536729294e+00
1.202211251541271286e+00
1.205357577605056463e+00
1.207385471754883088e+00
1.206936479569570064e+00
1.203077159801882789e+00
1.195555226633948198e+00
1.184946899348003013e+00
1.172659900620301565e+00
1.160778045974308892e+00
1.151763632788166847e+00
1.148060708934306673e+00
1.151662809107360630e+00
1.163718601714655687e+00
1.184247309796004011e+00
1.212020232262035480e+00
1.244638154254302131e+00
1.278803571559598895e+00
1.310753030481322856e+00
1.336786235047882965e+00
1.353810647940260958e+00
1.359815551041214210e+00
1.354196626751356547e+00
1.337876642289053342e+00
1.313198779752230205e+00
1.283605469969880009e+00
1.253149692148204597e+00
1.225915087297162254e+00
1.205432217224950309e+00
1.194182053518294984e+00
1.193262147491104486e+00
1.202264975033207062e+00
1.219382494665287364e+00
1.241718454845191388e+00
1.265752966171639571e+00
1.287884727530082429e+00
1.304964710169841835e+00
1.314739656474836815e+00
1.316139266680175890e+00
1.309371948749487702e+00
1.295821001035974751e+00
1.277768248881848034e+00
1.257997240529560301e+00
1.239344773686430035e+00
1.224272916474612227e+00
1.214528621288230692e+00
1.210937355052207343e+00
1.213353723131767925e+00
1.220765442454841754e+00
1.231522256974838969e+00
1.243642596034327807e+00
1.255142984905362358e+00
1.264335250772240515e+00
1.270045721108209902e+00
1.271728807174800080e+00
1.269466885667360767e+00
1.263868259554781215e+00
1.255891224484150914e+00
1.246633602427789755e+00
1.237126917831093964e+00
1.228171970613982422e+00
1.220240711433462133e+00
1.213455311321602226e+00
1.207639208718896739e+00
1.202424878540180098e+00
1.197389996312056448e+00
1.192193609375989949e+00
1.186684869241003915e+00
1.180964149366914295e+00
1.175386121201125622e+00
1.170507177978491242e+00
1.166987836255566791e+00
1.165469569074265799e+00
1.166449001761913795e+00
1.170171900952880817e+00
1.176564134595577515e+00
1.185212074110264968e+00
1.195393813376176340e+00
1.206155907159053076e+00
1.216423551424362426e+00
1.225127830763581560e+00
1.231331619113472664e+00
1.234338575455205866e+00
1.233771944075086946e+00
1.229614777006409865e+00
1.222209377331260782e+00
1.212218354283224775e+00
1.200553473292111040e+00
1.188281664114517300e+00
1.176519371364392885e+00
1.166324853980216236e+00
1.158599024956576296e+00
1.154003187939729225e+00
1.152900327830822746e+00
1.155324077214585188e+00
1.160979443410122602e+00
1.169273699274083977e+00
1.179376201054826323e+00
1.190302165745244833e+00
1.201013361482497377e+00
1.210525065374891795e+00
1.218010611385971886e+00
1.222889517615097343e+00
1.224889570585813825e+00
1.224074057006963701e+00
1.220829306413593329e+00
1.215812020154556361e+00
1.209862097962215000e+00
1.203890696271805894e+00
1.198757552490631095e+00
1.195154206034003685e+00
1.193509535050208514e+00
1.193931417496123526e+00
1.196194100764580437e+00
1.199774420470611336e+00
1.203932247149391177e+00
1.207824562086136977e+00
1.210636647340616712e+00
1.211710696390130737e+00
1.210651804624931716e+00
1.207394836906731550e+00
1.202219834540450227e+00
1.195712573076974428e+00
1.188674840193339799e+00
1.181997362446206123e+00
1.176514159466827802e+00
1.172862602255070774e+00
1.171371039537472125e+00
1.171994483228071537e+00
1.174311137714905584e+00
1.177583763635201342e+00
1.180878275307085890e+00
1.183225064814513505e+00
1.183796918532135312e+00
1.182075882076857765e+00
1.177980204433327183e+00
1.171927271635239132e+00
1.164816581263163231e+00
1.157929853155863498e+00
1.152757019374680114e+00
1.150770247494890652e+00
1.153178228552975249e+00
1.160698512338947497e+00
1.173385446177366065e+00
1.190546193775950723e+00
1.210765294833967998e+00
1.232042549002894338e+00
1.252032268412639260e+00
1.268354818107610971e+00
1.278937863752905191e+00
1.282337308356388927e+00
1.277987982614374740e+00
1.266340387592458816e+00
1.248855916370172903e+00
1.227852416524331414e+00
1.206214623900891514e+00
1.187005243701462209e+00
1.173031070409435772e+00
1.166426018342857862e+00
1.168315343755318647e+00
1.178615008424666710e+00
1.196002132795787265e+00
1.218066586374225935e+00
1.241629073033559072e+00
1.263181240628572066e+00
1.279386050627474569e+00
1.287564288558961545e+00
1.286093938412013804e+00
1.274658796051008292e+00
1.254308975518646285e+00
1.227318793707385947e+00
1.196862652441735841e+00
1.166556309509476641e+00
1.139932584211873046e+00
1.119930592027229999e+00
1.108476986020070720e+00
1.106222170985232234e+00
1.112470540712291678e+00
1.125313732725663929e+00
1.141943858063859230e+00
1.159095579737781545e+00
1.173547091109339080e+00
1.182601982000083929e+00
1.184477838942260997e+00
1.178545033802358422e+00
1.165383760032475680e+00
1.146657009354238976e+00
1.124826160672165454e+00
1.102760681592253933e+00
1.083305894229513289e+00
1.068878132852618901e+00
1.061147751500694403e+00
1.060853217964701667e+00
1.067765036857683203e+00
1.080795259204286207e+00
1.098221955322280952e+00
1.117984489351754762e+00
1.137996629902119583e+00
1.156427077943900761e+00
1.171905809235622709e+00
1.183634994843724142e+00
1.191397248166907952e+00
1.195475640423056651e+00
1.196511972562844139e+00
1.195337216336290087e+00
1.192807258996688269e+00
1.189672103582689155e+00
1.186493818331346040e+00
1.183616812580741140e+00
1.181182584728563967e+00
1.179173031907670754e+00
1.177463111933453543e+00
1.175866836625351741e+00
1.174166190818085598e+00
1.172120809672933195e+00
1.169465229064024836e+00
1.165905687666744850e+00
1.161129772253704617e+00
1.154839225323737839e+00
1.146809509064279364e+00
1.136968832887960135e+00
1.125481789593843818e+00
1.112815676735062764e+00
1.099766230161292047e+00
1.087423430076752684e+00
1.077069736533073474e+00
1.070014157127798349e+00
1.067382952900486348e+00
1.069899635219830447e+00
1.077694981525447293e+00
1.090186699208110177e+00
1.106063328794580247e+00
1.123387046131841371e+00
1.139812688695971410e+00
1.152897022899388446e+00
1.160454057652639870e+00
1.160898035684617913e+00
1.153518123336356949e+00
1.138631384271061586e+00
1.117583252128693916e+00
1.092588144923961391e+00
1.066430804414279399e+00
1.042073252627468083e+00
1.022231055546447775e+00
1.008987797467473913e+00
1.003511215650686905e+00
1.005917464361650193e+00
1.015303732753816357e+00
1.029939457070418563e+00
1.047579126132825555e+00
1.065838680768273150e+00
1.082566730215632989e+00
1.096146156859907128e+00
1.105676283793085801e+00
1.111010183849436617e+00
1.112650302847208561e+00
1.111534105324785582e+00
1.108759469902636630e+00
1.105311375379217864e+00
1.101847260982910193e+00
1.098583686492253575e+00
1.095302035645965066e+00
1.091466728246098139e+00
1.086419672379800527e+00
1.079600864218896117e+00
1.070737518594898408e+00
1.059951918873911492e+00
1.047754658219167023e+00
1.034921710818573981e+00
1.022275713130492703e+00
1.010421512764743346e+00
9.994988210798340100e-01
9.890165497158468488e-01
9.778192827101946927e-01
9.642127431823059869e-01
9.462393114722290610e-01
9.220617510994661981e-01
8.903855405304408333e-01
8.508348654385059495e-01
8.041982857962157727e-01
7.524804608326122191e-01
6.987289230261032325e-01
6.466469685104025977e-01
6.000480629808876420e-01
5.622417777633058611e-01
5.354609392009472835e-01
5.204397226952652833e-01
5.162315164978968918e-01
5.203132291768949313e-01
5.289738248008800658e-01
5.379302855378262915e-01
5.430689753924471397e-01
5.411813331678863026e-01
5.305602025089127816e-01
5.113391483650173708e-01
4.855031134482987731e-01
4.565551971848642587e-01
4.288879578429111161e-01
4.069624411477771875e-01
3.944417738338820145e-01
3.934344003110451515e-01
4.039922346124943386e-01
4.239658836702183686e-01
4.492588098819093601e-01
4.744488686196918215e-01
4.936842201163196830e-01
5.017010092152005551e-01
4.947891044849378472e-01
4.715339282293202205e-01
4.331974076844595234e-01
3.836597616628018015e-01
3.289198136241516801e-01
2.762258737395211772e-01
2.329743520038788096e-01
2.055554981383061475e-01
1.983364871801799878e-01
2.129504423754081111e-01
2.480105513319443011e-01
2.992977843811318595e-01
3.603911167810389671e-01
4.236376428243622816e-01
4.813041389783542234e-01
5.267236809868405256e-01
5.552543849790838593e-01
5.649030102251380026e-01
5.565210482364887357e-01
5.335556562099278421e-01
5.014094148268123385e-01
4.665250823221179788e-01
4.353507467596052782e-01
4.133574613855695579e-01
4.042606491309392314e-01
4.095603202385055264e-01
4.284558322208195658e-01
4.581275970540071296e-01
4.943163580491777287e-01
5.320905898320710259e-01
5.666620471453048813e-01
5.941148477155347996e-01
6.119346820481946780e-01
6.192659946438956453e-01
6.168744044307379326e-01
6.068447476829877951e-01
5.920849564049415203e-01
5.757349540034917279e-01
5.605886897281560088e-01
5.486270972496931631e-01
5.407331842235570951e-01
5.366253831734699720e-01
5.350044463558755181e-01
5.338726773512733059e-01
5.309588220032742667e-01
5.241681119592748184e-01
5.119781938786467368e-01
4.937167355571882577e-01
4.696816297138280416e-01
4.410919743184684161e-01
4.098891177162098387e-01
3.784296907881387062e-01
3.491276182154813834e-01
3.241057854812500194e-01
3.049144964743276676e-01
2.923551881886283232e-01
2.864312190683419024e-01
2.864241326630992401e-01
2.910743171529723283e-01
2.988280682696659030e-01
3.081090433748522872e-01
3.175656016868467213e-01
3.262566073748165985e-01
3.337486420108399243e-01
3.401142850298174425e-01
3.458350496177782785e-01
3.516336065986200299e-01
3.582636554384911465e-01
3.662973558827742337e-01
3.759480879615052507e-01
3.869608954957796665e-01
3.985913527155182656e-01
4.096809420924630851e-01
4.188195999934619662e-01
4.245717676856475831e-01
4.257311461437097155e-01
4.215622769262777902e-01
4.119862694269423864e-01
3.976750612469799884e-01
3.800307748088777027e-01
3.610425206068187398e-01
3.430338813970147949e-01
3.283321325150448944e-01
3.189052520454210837e-01
3.160213307080290690e-01
3.199870321271265361e-01
3.300104523083374208e-01
3.442200066959316684e-01
3.598472818568403397e-01
3.735569446809329786e-01
