1.054739169178089186e+00
1.049695357086215086e+00
1.058254411753984936e+00
1.078445888488459792e+00
1.106747734967826080e+00
1.138775002393615399e+00
1.170017362221086321e+00
1.196512283696354428e+00
1.215361693113170771e+00
1.225031142857921918e+00
1.225409565098870335e+00
1.217646323163377620e+00
1.203815797554496525e+00
1.186481305642533846e+00
1.168238592397141451e+00
1.151314078530359941e+00
1.137275819651988984e+00
1.126890336150608629e+00
1.120129985698873565e+00
1.116311188625440654e+00
1.114322350961762798e+00
1.112891203154181552e+00
1.110840255619346850e+00
1.107287838929346346e+00
1.101767239068326631e+00
1.094255176712425781e+00
1.085118847653626872e+00
1.075004133510244264e+00
1.064696072313144004e+00
1.054983165817063639e+00
1.046551492256304616e+00
1.039923676563909272e+00
1.035446289210651960e+00
1.033316196519022734e+00
1.033628645358412701e+00
1.036426092788669928e+00
1.041728692569678039e+00
1.049534188000584178e+00
1.059783983271009422e+00
1.072304666921489957e+00
1.086740311005109039e+00
1.102498009590825667e+00
1.118727919065555465e+00
1.134353911542137716e+00
1.148160825336915325e+00
1.158932741365790609e+00
1.165623939319865521e+00
1.167534932303240236e+00
1.164461350030618458e+00
1.156784697919122085e+00
1.145481638589317397e+00
1.132040550050402938e+00
1.118290955451908930e+00
1.106165585952421981e+00
1.097429227346094160e+00
1.093415883634064389e+00
1.094817002489387736e+00
1.101556951037168774e+00
1.112779555509004981e+00
1.126951987355248930e+00
1.142073108940552029e+00
1.155956400483627133e+00
1.166544617739954548e+00
1.172207533098946541e+00
1.171975552257761066e+00
1.165673210254706715e+00
1.153930727382822319e+00
1.138072585433534067e+00
1.119901520525188321e+00
1.101413323957651347e+00
1.084488794320886518e+00
1.070612761932332235e+00
1.060665611300949163e+00
1.054819814003949086e+00
1.052557082360441321e+00
1.052801468050504230e+00
1.054144706594030811e+00
1.055124739165375747e+00
1.054510406130079625e+00
1.051543889209242355e+00
1.046100098626556507e+00
1.038736059130435319e+00
1.030621583713821954e+00
1.023362213178813818e+00
1.018742512474583917e+00
1.018432244405530263e+00
1.023702044742396788e+00
1.035195230548308754e+00
1.052792663552449381e+00
1.075592958149152345e+00
1.102011797634416146e+00
1.129985896203158591e+00
1.157250501191224412e+00
1.181648198346154199e+00
1.201422462226515053e+00
1.215452072889126489e+00
1.223392124226642785e+00
1.225701430380138346e+00
1.223554654239926265e+00
1.218653189117905100e+00
1.212964639260670996e+00
1.208430121082132436e+00
1.206682436960011318e+00
1.208815252604392043e+00
1.215234986926713612e+00
1.225614155839465313e+00
1.238949459682618492e+00
1.253713163811665421e+00
1.268073453647521998e+00
1.280150898917403079e+00
1.288274291498235469e+00
1.291201805497011579e+00
1.288279004747695078e+00
1.279515967502462104e+00
1.265577504232561212e+00
1.247692339530515060e+00
1.227497386609764041e+00
1.206840041349794168e+00
1.187565936888828499e+00
1.171317793050375977e+00
1.159368418709879611e+00
1.152504138860916960e+00
1.150967522245001540e+00
1.154460401493179411e+00
1.162201745464836566e+00
1.173029428743133762e+00
1.185531998153875000e+00
1.198195462682731804e+00
1.209550729456720708e+00
1.218309240708325358e+00
1.223476411417226739e+00
1.224436301352371137e+00
1.221001911866035350e+00
1.213428931286802515e+00
1.202392225132837611e+00
1.188926465863151538e+00
1.174334209790783623e+00
1.160067399027578938e+00
1.147590650376028254e+00
1.138237201922415398e+00
1.133070757397547812e+00
1.132767595662273363e+00
1.137533155793449824e+00
1.147064945216140330e+00
1.160570256528318467e+00
1.176840470363698765e+00
1.194377335902149673e+00
1.211559085059658258e+00
1.226827833592885275e+00
1.238875071639951253e+00
1.246800571581520023e+00
1.250222043964190455e+00
1.249317838689824933e+00
1.244793901473462139e+00
1.237776449615087149e+00
1.229642853834427951e+00
1.221812665514148577e+00
1.215528342292792718e+00
1.211657315026444248e+00
1.210545586422987263e+00
1.211946335781639794e+00
1.215036468809549408e+00
1.218521215164564131e+00
1.220812988393871201e+00
1.220260303285417791e+00
1.215392601472477629e+00
1.205145108520955244e+00
1.189029649326367011e+00
1.167225366085839600e+00
1.140575118813135891e+00
1.110488137387886542e+00
1.078763567467090567e+00
1.047361810173498498e+00
1.018158512329443877e+00
9.927182616316981845e-01
9.721214145535121975e-01
9.568678793552326534e-01
9.468699251723166066e-01
9.415298390913822146e-01
9.398856275922223835e-01
9.407968014478338414e-01
9.431367671346274628e-01
9.459583910146619479e-01
9.486058069093848966e-01
9.507562787010410688e-01
9.523892306152523801e-01
9.536938904935420291e-01
9.549384216525821367e-01
9.563307385008330552e-01
9.579021822954759680e-01
9.594415105199554095e-01
9.604953602388022205e-01
9.604385801659111044e-01
9.586029439790408890e-01
9.544399292835482607e-01
9.476845584099251596e-01
9.384847796561250899e-01
9.274653268371922943e-01
9.157050795311560965e-01
9.046225339699536239e-01
8.957810248613757853e-01
8.906415409463266375e-01
8.903028323445383307e-01
8.952744676377883959e-01
9.053257169277086902e-01
9.194431674183360936e-01
9.359133131238948078e-01
9.525258338136424197e-01
9.668724035591772514e-01
9.766978596301190141e-01
9.802499844895462555e-01
9.765705602460712509e-01
9.656779910175522508e-01
9.486070563508015585e-01
9.272934691603790247e-01
9.043157249840362288e-01
8.825306956898693045e-01
8.646577619207654886e-01
8.528762616580237710e-01
8.485006897828071271e-01
8.517868981485371416e-01
8.619024094424293514e-01
8.770674936247638831e-01
8.948466082440319491e-01
9.125438694444302223e-01
9.276391886593758906e-01
9.381939210444040222e-01
9.431591596093275021e-01
9.425351030500099814e-01
9.373543198617750871e-01
9.294908876236783746e-01
9.213262015829559726e-01
9.153269187163601828e-01
9.136056339696606576e-01
9.175385556018698097e-01
9.275051616343803484e-01
9.427956542430691034e-01
9.617030811967717252e-01
9.817864589836219347e-01
1.000261904159037041e+00
1.014456600924517948e+00
1.022249202128477474e+00
1.022421264765852600e+00
1.014860188633609051e+00
1.000576945400200479e+00
9.815348189171542170e-01
9.603169908228037510e-01
9.396890177026776536e-01
9.221307229955699736e-01
9.094185975547922629e-01
9.023316245957712090e-01
9.005331701472929495e-01
9.026517925344785809e-01
9.065494990465458036e-01
9.097331816481692979e-01
9.098387614796020761e-01
9.051043541681155213e-01
8.947475535632827270e-01
8.791775332737810089e-01
8.599991744664416959e-01
8.398014426634009544e-01
8.217591490111011421e-01
8.091104460830612632e-01
8.045954534752854936e-01
8.099505126784531939e-01
8.255462270337737829e-01
8.502357396711909265e-01
8.814464765822945802e-01
9.155084698750153294e-01
9.481737910138029468e-01
9.752475431047008536e-01
9.932311848872261706e-01
9.998741102974335604e-01
9.945419387368016340e-01
9.783376112141271008e-01
9.539501997153581048e-01
9.252500703432365858e-01
8.966898269902221497e-01
8.726032551376512458e-01
8.565122231557632526e-01
8.505520866582937378e-01
8.551085819952547462e-01
8.687275365468496435e-01
8.883154752103893381e-01
9.096038525404495090e-01
9.278077292119328856e-01
9.383784856653205608e-01
9.377347160347655475e-01
9.238574449269274513e-01
8.966575921836461571e-01
8.580564204668436057e-01
8.117650904086521901e-01
7.627946033625850886e-01
7.167683919851127738e-01
6.791389878709112038e-01
6.544240313317393198e-01
6.455724291433730944e-01
6.535505663651133279e-01
6.772044616442706166e-01
7.134119922344145381e-01
7.574966354624744769e-01
8.038369152834701215e-01
8.465803204460039533e-01
8.803585992975131447e-01
9.009065039004203745e-01
9.055049945882389650e-01
8.931999028105310767e-01
8.647825325459417289e-01
8.225541092826273992e-01
7.699255325560373509e-01
7.109232407870340609e-01
6.496792272310896177e-01
5.899775013708770111e-01
5.349128754535058539e-01
4.866939159948517890e-01
4.465955444234177563e-01
4.150431137783792690e-01
3.917889656683731792e-01
3.761347197752070715e-01
3.671512629308957276e-01
3.638572719661917754e-01
3.653310724648045626e-01
3.707509480952039804e-01
3.793734294373364846e-01
3.904737140347993019e-01
4.032789064131629964e-01
4.169236884682760436e-01
4.304503373316315162e-01
4.428616670823622981e-01
4.532232221869213484e-01
4.607934870707702801e-01
4.651548201358031709e-01
4.663131896086396000e-01
4.647389988194081667e-01
4.613305870630265981e-01
4.572985260718865352e-01
4.539831634755988610e-01
4.526326998699075621e-01
4.541797192737556665e-01
4.590565813847941601e-01
4.670859405489526384e-01
4.774693348739525445e-01
4.888843685383778559e-01
4.996761760654445661e-01
5.081158051552679966e-01
5.126832779465055889e-01
5.123275542812506522e-01
5.066575222997696804e-01
4.960295553665178825e-01
4.815140110765111503e-01
4.647422965248075855e-01
4.476582828322335783e-01
4.322137934539653226e-01
4.200588029860694017e-01
4.122761769740779236e-01
4.092092062152934417e-01
4.104080656869960042e-01
4.147065349925762590e-01
4.204164562061121768e-01
4.256080689252368932e-01
4.284297626348351207e-01
4.274144995273390646e-01
4.217238093131923660e-01
4.112886377349823652e-01
3.968262604960848816e-01
3.797322481945507588e-01
3.618675715093669365e-01
3.452767175301296732e-01
3.318858679322844729e-01
3.232290568010838805e-01
3.202456593233781179e-01
3.231790497344856350e-01
3.315878742842676141e-01
3.444620069004722951e-01
3.604168507958489531e-01
3.779303534867291536e-01
3.955770498678142788e-01
4.122198094415726599e-01
4.271280217449670569e-01
4.400062541148919704e-01
4.509339662097778256e-01
4.602349020462161988e-01
4.683062915935874426e-01
4.754445009409398182e-01
4.817044677844964928e-01
4.868222983183295716e-01
4.902182184106040341e-01
4.910792654582468719e-01
4.885102517949332368e-01
4.817218522203514652e-01
4.702218246385319600e-01
4.539720979674923274e-01
4.334803760543254336e-01
4.098057052568496728e-01
3.844729563054637422e-01
3.593075295293485794e-01
3.362137978422704565e-01
3.169326964080146913e-01
3.028166846394229061e-01
2.946577590777484934e-01
2.925946848478901963e-01
2.961141812385629790e-01
3.041431729377082616e-01
3.152156883998998849e-01
3.276863911014705755e-01
3.399559284015112315e-01
3.506727148857697318e-01
3.588808212099593442e-01
3.640958387992178635e-01
3.663004312798030515e-01
3.658678812380434242e-01
3.634325112488583920e-01
3.597341644756426038e-01
3.554658593534908984e-01
3.511530234852250354e-01
3.470832660463493147e-01
3.432955948558225612e-01
3.396265558846776056e-01
3.357994066179944004e-01
3.315347726685911045e-01
3.266562404117791529e-01
3.211697587197576698e-01
3.152958995254465102e-01
3.094480249006240635e-01
3.041586163539746757e-01
2.999671574704415034e-01
2.972904839609193384e-01
2.963023532518586078e-01
2.968476845050786461e-01
2.984109753068611703e-01
3.001508818315006266e-01
3.010006092558247248e-01
2.998226411237495670e-01
2.955934555822211651e-01
2.875932997337772301e-01
2.755657882117115154e-01
2.598210299708291204e-01
2.412612424089846941e-01
2.213195314453616225e-01
2.018150466138201593e-01
1.847412554826743381e-01
1.720155197789856594e-01
1.652224103288318924e-01
1.653878847551744358e-01
1.728168218505734266e-01
1.870187524725844541e-01
2.067333760960753108e-01
2.300572959282003449e-01
2.546552932387064483e-01
2.780304386056660637e-01
2.978186264896051094e-01
3.120696028724813109e-01
3.194781607213407204e-01
3.195353209716431664e-01
3.125824368020611588e-01
2.997595454107614965e-01
2.828568460895103387e-01
2.640889546301882773e-01
2.458217758864346403e-01
2.302861577606857002e-01
2.193164153844679443e-01
2.141448384869394650e-01
2.152766160386799521e-01
2.224590765064632936e-01
2.347461457202148216e-01
2.506468103346776166e-01
2.683343611257376082e-01
2.858900966159634849e-01
3.015453817008221793e-01
3.138920414351669130e-01
3.220342628487357084e-01
3.256643930382046581e-01
3.250550351043658415e-01
3.209731293072578540e-01
3.145314476988627095e-01
3.070002653485660593e-01
2.996086166122756134e-01
2.933642049451817835e-01
2.889184101813856986e-01
2.864926391455202004e-01
2.858795201310116996e-01
2.865125464261117916e-01
2.875938258093860278e-01
2.882584645278847280e-01
2.877492604879540172e-01
2.855735761889459656e-01
2.816173128754176358e-01
2.761988092025599029e-01
2.700515534453920563e-01
2.642384070039857091e-01
2.600090759650021122e-01
2.586217110998695889e-01
2.611536158711169064e-01
2.683310694079202863e-01
2.804016848256756789e-01
2.970686358207078603e-01
3.174968129152245799e-01
3.403902364757270260e-01
3.641298909095148639e-01
3.869519106414656129e-01
4.071433471930887005e-01
4.232267139426110214e-01
4.341103187308893441e-01
4.391856333607580543e-01
4.383616004548243628e-01
4.320344086732242905e-01
4.210019726138020668e-01
4.063383551015056772e-01
3.892479335521509265e-01
3.709212890179606203e-01
3.524120915092252004e-01
3.345497515378151876e-01
3.178941078902389195e-01
3.027353575402708108e-01
2.891297528494755076e-01
2.769609941968141920e-01
2.660128413726299823e-01
2.560389608990519816e-01
2.468180267106912795e-01
2.381873476186814886e-01
2.300535174383759873e-01
2.223821137573292750e-01
2.151742391421072598e-01
2.084388422529239726e-01
2.021700891978243653e-01
1.963356711742721972e-01
1.908816904531678849e-01
1.857513669746304608e-01
1.809136655919735825e-01
1.763942833785549502e-01
1.723003599181468781e-01
1.688308749622665916e-01
1.662673529274172057e-01
1.649450253534101019e-01
1.652058848333628205e-01
1.673420015561131180e-01
1.715389675127989844e-01
1.778306294689716294e-01
1.860738625533733537e-01
1.959514650449470097e-01
2.070035954760002517e-01
2.186842510629916914e-01
2.304344686054820845e-01
2.417600615729084690e-01
2.523003099363684831e-01
2.618741918908523147e-01
2.704969960104165461e-01
2.783608837565401672e-01
2.857827558936462675e-01
2.931273083643761712e-01
3.007183962245199016e-01
3.087535763544047573e-01
3.172385847283327176e-01
3.259541414423329786e-01
3.344622463047094985e-01
3.421535150208787623e-01
3.483293380113793303e-01
3.523068548459528104e-01
3.535284568473196498e-01
3.516608735392221519e-01
3.466636994479717626e-01
3.388165693614921814e-01
3.286987618185254756e-01
3.171231763531452419e-01
3.050334340350887019e-01
2.933801735526663235e-01
2.829962244647772351e-01
2.744890406122225124e-01
2.681684174702598789e-01
2.640208845449936725e-01
2.617352542304968166e-01
2.607736448199291512e-01
2.604795590132157335e-01
2.602026121941118375e-01
2.594207565298386475e-01
2.578398067225460277e-01
2.554537891657974180e-01
2.525554197259594624e-01
2.496942507965810576e-01
2.475898586835845738e-01
2.470113969653669750e-01
2.486435057596142750e-01
2.529595580848397196e-01
2.601229073722091667e-01
2.699311904879163060e-01
2.818158641683815580e-01
2.948967915016856844e-01
3.080856009051058941e-01
3.202238894897853072e-01
3.302367610609722726e-01
3.372797023323788612e-01
3.408566401778210797e-01
3.408943123104409834e-01
3.377589142894369956e-01
3.322133024355345965e-01
3.253195120431020548e-01
3.182994588867686381e-01
3.123712338186873105e-01
3.085841527678962470e-01
3.076738850125483316e-01
3.099562293756704667e-01
3.152742237416382709e-01
3.230054823620723825e-01
3.321288416176086944e-01
3.413413549994171459e-01
3.492123859274975373e-01
3.543539435733087384e-01
3.555866836590427793e-01
3.520813342653351108e-01
3.434586899255996917e-01
3.298359769901357263e-01
3.118153470797589422e-01
2.904175157448936062e-01
2.669680905166388896e-01
2.429521619560941481e-01
2.198549984895317722e-01
1.990084256789950712e-01
1.814593647030223467e-01
1.678781578520478213e-01
1.585133425994454393e-01
1.531972249301877809e-01
1.513989701253314613e-01
1.523162643477218303e-01
1.549917888831822133e-01
1.584383042183029056e-01
1.617574604046771447e-01
1.642357942346237554e-01
1.654082607406903993e-01
1.650833295666319644e-01
1.633297959967203172e-01
1.604295065780027285e-01
1.568076033085306631e-01
1.529515227043848902e-01
1.493319346925551794e-01
1.463379545728086817e-01
1.442353742147577667e-01
1.431523272265200208e-01
1.430911097470497773e-01
1.439630816517866729e-01
1.456355418880054819e-01
1.479810326945807109e-01
1.509180869960136118e-01
1.544348142004322022e-01
1.585893177265396692e-01
1.634876035473800115e-01
1.692423657249611524e-01
1.759207061696540786e-01
1.834919491750188203e-01
1.917870007991596126e-01
2.004796231961594177e-01
2.090948267790564419e-01
2.170491754608215307e-01
2.237163844718657590e-01
2.285109693083117732e-01
2.309769743085107463e-01
2.308673948869444104e-01
2.281999466993058778e-01
2.232785225668635631e-01
2.166748490620090117e-01
2.091696683611018182e-01
2.016609289227000446e-01
1.950513686654725132e-01
1.901320967686919994e-01
1.874786440856222314e-01
1.873778655633906720e-01
1.897955442224056044e-01
1.943911087589473008e-01
2.005776868502941457e-01
2.076185879656119171e-01
2.147451518339230092e-01
2.212772146686459718e-01
2.267284700339576298e-01
2.308782227768491624e-01
2.337989787299123157e-01
2.358352016391364325e-01
2.375368471291213479e-01
2.395573644233199295e-01
2.425343645990839236e-01
2.469709681480614094e-01
2.531373118760099628e-01
2.610083891165581038e-01
2.702483598713810720e-01
2.802440727438096357e-01
2.901818822827268440e-01
2.991577898845471650e-01
3.063016619329324008e-01
3.108975270833219118e-01
3.124815260224275137e-01
3.109031481696697408e-01
3.063414353428343118e-01
2.992748051511748830e-01
2.904110945944036182e-01
2.805891864156138671e-01
2.706684098663080795e-01
2.614226093560693687e-01
2.534542273263188372e-01
2.471395358083268989e-01
2.426108528588114821e-01
2.397750145537510813e-01
2.383615958062973161e-01
2.379902931433686697e-01
2.382445128448245075e-01
2.387385177854043083e-01
2.391672703931308208e-01
2.393335683702517702e-01
2.391499687145698938e-01
2.386192482829590511e-01
2.378003169280305529e-01
2.367687858245418886e-01
2.355814527214118992e-01
2.342525218724840763e-01
2.327463261108770887e-01
2.309868319360265931e-01
2.288810453035675097e-01
2.263500367955266768e-01
2.233599873390071378e-01
2.199448168565919237e-01
2.162158386549795086e-01
2.123542976847182240e-01
2.085883003188424567e-01
2.051584499886340007e-01
2.022793177343361060e-01
2.001050604137445121e-01
1.987068992858180283e-01
1.980683293331870487e-01
1.980996984722833976e-01
1.986703130519641147e-01
1.996520261219782988e-01
2.009654540350039598e-01
2.026185003737440427e-01
2.047281109266657906e-01
2.075183123920364969e-01
2.112920210758201522e-01
2.163792324982448945e-01
2.230690073964002873e-01
2.315366115550895054e-01
2.417788971950971533e-01
2.535716326799747899e-01
2.664585210878747668e-01
2.797779583627591493e-01
2.927270870172898332e-01
3.044564004758473219e-01
3.141823470871982771e-01
3.213017829957950378e-01
3.254905354386908312e-01
3.267695875932074556e-01
3.255268883347036124e-01
3.224888510428036703e-01
3.186431953202547018e-01
3.151217763529242655e-01
3.130594273561181362e-01
3.134474833753302936e-01
3.170029459403121974e-01
3.240719157386612315e-01
3.345812710394784895e-01
3.480456345525875239e-01
3.636288018082175499e-01
3.802512100015121854e-01
3.967280257137825172e-01
4.119188117036566288e-01
4.248681880265336441e-01
4.349188329863462599e-01
4.417821002767323146e-01
4.455590418156449850e-01
4.467105765493631364e-01
4.459836593293876605e-01
4.443057670957945571e-01
4.426638276184944876e-01
4.419848826305470268e-01
4.430342333196354287e-01
4.463434428730652104e-01
4.521747359011820677e-01
4.605228739231769230e-01
4.711497581660214484e-01
4.836426219197275111e-01
4.974838636277612025e-01
5.121203863537158174e-01
5.270214727993427495e-01
5.417174557938415624e-01
5.558158300988418343e-01
5.689958125119890520e-01
5.809864310162157208e-01
5.915357387005671930e-01
6.003808494774880433e-01
6.072268916049272658e-01
6.117418560931393579e-01
6.135707630997344619e-01
6.123688592426548283e-01
6.078497496077666096e-01
5.998414324606136105e-01
5.883412788673767491e-01
5.735603131258997234e-01
5.559484648249470862e-01
5.361946502184062879e-01
5.151990137585548135e-01
4.940177637731678617e-01
4.737861402044674652e-01
4.556262523684576626e-01
4.405499483736393107e-01
4.293671441728405536e-01
4.226096349222904225e-01
4.204786630158074412e-01
4.228218532793512341e-01
4.291422081586425685e-01
4.386378351216649318e-01
4.502684995834297932e-01
4.628422454829959065e-01
4.751136455635029954e-01
4.858842506235802050e-01
4.940964524142195669e-01
4.989125152004147412e-01
4.997725635851875126e-01
4.964276222906224278e-01
4.889462052041447793e-01
4.776954299039658514e-01
4.632996058442054865e-01
4.465815399045224288e-01
4.284920560908922482e-01
4.100344465999955501e-01
3.921901527290586054e-01
3.758513941990232476e-01
3.617652173743994282e-01
3.504923955910882460e-01
3.423828843538008204e-01
3.375679946999852743e-01
3.359684573213387315e-01
3.373163487716042130e-01
3.411883063933213167e-01
3.470463970146918653e-01
3.542844237350427639e-01
3.622754282246768431e-01
3.704179209704551723e-01
3.781779882674642934e-01
3.851248379876753836e-01
3.909575551952576000e-01
3.955213152563937240e-01
3.988118984405802925e-01
4.009674444960731887e-01
4.022477646029204434e-01
4.030022556117166532e-01
4.036288150790887097e-01
4.045267608103818024e-01
4.060490840256756329e-01
4.084584829708860498e-01
4.118929576060674225e-01
4.163457792186217032e-01
4.216634567824118496e-01
4.275633336095882031e-01
4.336698812505958567e-01
4.395663752201820484e-01
4.448555469957303776e-01
4.492213757181565681e-01
4.524830416054760884e-01
4.546324572738025260e-01
4.558483929847786387e-01
4.564833882232515738e-01
4.570232431687940577e-01
4.580231661046302305e-01
4.600286655130624291e-01
4.634922085657249835e-01
4.686982053396832049e-01
4.757083134466440488e-01
4.843371999650367132e-01
4.941641444956514917e-01
5.045811536875178804e-01
5.148723711123447400e-01
5.243144473918743831e-01
5.322836279866545173e-01
5.383537393650027481e-01
5.423698915878548688e-01
5.444857047656568305e-01
5.451573656876218532e-01
5.450941676109861689e-01
5.451720970839767366e-01
5.463224126360669564e-01
5.494124194528492433e-01
5.551355367124001239e-01
5.639274808303832431e-01
5.759207600050162412e-01
5.909435308617327909e-01
6.085615202536424073e-01
6.281546493762316663e-01
6.490146336325340881e-01
6.704459216486303719e-01
6.918528084394778288e-01
7.127981489240931001e-01
7.330249014020002729e-01
7.524380887772091908e-01
7.710540502918656891e-01
7.889281931630119926e-01
8.060782096741355707e-01
8.224202136736797897e-01
8.377330238494240522e-01
8.516604322472669519e-01
8.637536005969309594e-01
8.735479684198310668e-01
8.806607113180622282e-01
8.848902585395196363e-01
8.862972324567204296e-01
8.852482959994392164e-01
8.824100140774542300e-01
8.786886750401741164e-01
8.751216650497719574e-01
8.727354215839936424e-01
8.723923954172618789e-01
8.746528604054860656e-01
8.796765170586653415e-01
8.871829488477699366e-01
8.964815072743798074e-01
9.065684947753387402e-01
9.162785583854045068e-01
9.244668890348158863e-01
9.301926685332005951e-01
9.328728662230828528e-01
9.323798011975785727e-01
9.290649360286300507e-01
9.237033408099701859e-01
9.173673915485609509e-01
9.112505143205005265e-01
9.064710762232612851e-01
9.038897934647882604e-01
9.039734576015924228e-01
9.067281220236248496e-01
9.117139867680270626e-01
9.181390734538504850e-01
9.250145425332843008e-01
9.313430313682180550e-01
9.363049494775502746e-01
9.394080752554498925e-01
9.405714646001527290e-01
9.401273097996618588e-01
9.387393355178745846e-01
9.372522754652802268e-01
9.365002704665086330e-01
9.371111087698894559e-01
9.393445777780982109e-01
9.429980936196287189e-01
9.474011302489039332e-01
9.515036991211177630e-01
9.540465066327078469e-01
9.537842838827078618e-01
9.497231939267486434e-01
9.413282682466611595e-01
9.286613497925275684e-01
9.124211502874270963e-01
8.938741295215388849e-01
8.746845143249272203e-01
8.566706185116208516e-01
8.415287953239214414e-01
8.305732569965315060e-01
8.245383479482970568e-01
8.234792756203553887e-01
8.267899035700496668e-01
8.333345558980704837e-01
8.416700487190634794e-01
8.503159818935603909e-01
8.580220588362749146e-01
8.639806095284761067e-01
8.679421346160788309e-01
8.702097010054631321e-01
8.715114006461265328e-01
8.727745610518375941e-01
8.748459368121380697e-01
8.782153888153905186e-01
8.828028406221075652e-01
8.878592280947167348e-01
8.920121679359965805e-01
8.934610053947500408e-01
8.902955329248678495e-01
8.808869007315349720e-01
8.642805616911019007e-01
8.405147589839540023e-01
8.107956257434081326e-01
7.774808497858833878e-01
7.438555593102905705e-01
7.137201641064472302e-01
6.908459620059143047e-01
6.783821747105469591e-01
6.783131553141436010e-01
6.910629131870552611e-01
7.153257013844313006e-01
7.481675301825494451e-01
7.854000004497938559e-01
8.221815851040847889e-01
8.537599609138238899e-01
8.762399743228745930e-01
8.872504770212987779e-01
8.863934763573013687e-01
8.753879612060087023e-01
8.578672060418099932e-01
8.388430289795069106e-01
8.239058588936949423e-01
8.182759898945366484e-01
8.258513424949581738e-01
8.484045922312711818e-01
8.850655667626629031e-01
9.321859006472118514e-01
9.836267893747562274e-01
1.031446485544337710e+00
1.066901059828955223e+00
